25.2593334932
25.9281129862
25.25
24.75
23.8333333333
22.25
20.9166666667
19.75
19.1666666667
19.1666666667
18.75
19.0
20.25
21.75
22.25
22.5
23.8333333333
23.0666666667
22.75
23.1666666667
22.4166666667
20.9166666667
18.6666666667
18.0
16.0
16.5
18.1666666667
18.9166666667
20.5
22.5
23.4166666667
23.75
25.3333333333
26.0
25.75
24.5
23.5
21.5833333333
20.6666666667
19.4166666667
19.25
19.6666666667
19.0
20.0
21.0
22.0833333333
22.6666666667
23.6666666667
23.8666666667
23.4166666667
22.25
22.3333333333
21.0833333333
19.0
18.0
17.0
16.0
18.1666666667
18.9166666667
19.75
21.3333333333
22.6666666667
24.4166666667
25.3333333333
25.9166450348
25.5833333333
25.5
24.5833333333
23.0
21.25
19.4166666667
18.75
18.3333333333
18.3333333333
19.5
20.25
21.25
22.25
23.1666666667
23.0
23.3333333333
23.25
22.75
21.5
21.0
18.6666666667
18.0
17.0
16.0
18.1666666667
18.5833333333
20.5
21.5
23.1666666667
23.75
25.0833333333
25.3333333333
25.5833333333
25.5
24.4166666667
23.25
21.9166666667
20.9166666667
19.4166666667
17.1666666667
18.3333333333
19.0
19.75
21.3333333333
22.0833333333
22.5
23.4166666667
23.5833333333
23.3333333333
23.4166666667
22.75
22.0833333333
20.25
19.5833333333
18.0
16.6666666667
