536.0
551.2
553.8
558.8
565.2
569.6
583.0
594.6
560.0
659.2
480.75
504.5
509.333333333
517.8
539.166666667
540.333333333
541.6
484.5
531.666666667
560.8
556.6
566.2
577.5
580.0
603.0
759.0
515.0
499.6
506.4
520.666666667
513.2
520.2
532.4
552.6
553.4
566.6
561.0
587.4
585.8
597.0
606.0
512.666666667
504.666666667
511.833333333
506.5
528.6
542.0
549.0
459.333333333
553.6
533.833333333
555.8
556.6
563.75
598.5
633.5
1363
517.0
498.6
511.6
506.2
518.6
544.8
532.4
549.8
547.6
561.8
558.6
560.4
579.6
593.6
636.2
760.5
760.5
499.166666667
508.333333333
512.166666667
529.0
532.8
549.0
556.2
558.6
560.2
534.5
563.8
577.75
581.0
632.0
1362
518.0
494.8
504.2
513.8
509.0
521.0
545.8
539.4
544.8
562.4
560.4
561.6
575.0
585.0
595.4
588.0
721.0
498.833333333
506.666666667
504.6
537.2
542.0
550.2
545.4
560.0
557.4
560.0
556.8
580.4
570.6
582.25
654.0
